             precision    recall  f1-score   support

         \r       0.96      0.98      0.97     10386
          3       0.98      0.96      0.97       258
          —       0.00      0.00      0.00         1
          5       1.00      0.98      0.99       238
                  0.95      0.91      0.93      4862
          "       0.95      0.79      0.86        24
          %       1.00      1.00      1.00         5
          $       0.00      0.00      0.00         1
          0       0.98      0.99      0.98       166
          ъ       0.88      0.83      0.86        18
          4       1.00      0.97      0.98       235
          б       0.94      0.95      0.94      1031
          а       0.97      0.97      0.97      6532
          г       0.94      0.94      0.94       981
          в       0.95      0.94      0.95      2782
          е       0.95      0.95      0.95      4935
          д       0.94      0.95      0.95      2067
          з       0.93      0.93      0.93       885
          ж       0.94      0.93      0.93       501
          й       0.95      0.95      0.95       995
          и       0.95      0.96      0.96      5160
          л       0.96      0.96      0.96      2987
          к       0.94      0.96      0.95      3281
          н       0.95      0.95      0.95      4806
          м       0.95      0.95      0.95      2797
          п       0.89      0.92      0.90      1552
          о       0.95      0.96      0.95      6955
          с       0.94      0.95      0.95      3596
          р       0.96      0.96      0.96      3852
          у       0.96      0.95      0.95      2820
          т       0.97      0.97      0.97      5267
          х       0.96      0.96      0.96       600
          ф       0.96      0.98      0.97       346
          ч       0.97      0.97      0.97      1389
          ц       0.95      0.95      0.95       373
          щ       0.96      0.98      0.97       238
          ш       0.96      0.95      0.96       699
          ы       0.98      0.98      0.98      2471
          6       0.98      0.95      0.97       132
          э       0.97      0.93      0.95       182
          ь       0.97      0.97      0.97      1031
          я       0.98      0.97      0.98      2724
          ю       0.97      0.95      0.96       571
          9       0.99      0.99      0.99       148
          8       0.98      0.95      0.96       129
          2       0.98      0.98      0.98       384
          7       0.99      0.97      0.98       115
          1       0.98      0.99      0.99       534

avg / total       0.96      0.96      0.96     92042


